60 80 -40
0 0 1 1
128 128
0
0.000191728
0.000766682
0.00172417
0.00306304
0.00478167
0.00687799
0.00934948
0.0121931
0.0154056
0.0189828
0.0229206
0.0272142
0.0318583
0.0368473
0.0421752
0.0478354
0.0538211
0.0601249
0.0667392
0.0736557
0.0808661
0.0883614
0.0961324
0.104169
0.112463
0.121001
0.129775
0.138774
0.147984
0.157397
0.166998
0.176777
0.18672
0.196815
0.207049
0.217409
0.227881
0.238452
0.249108
0.259834
0.270617
0.281442
0.292295
0.30316
0.314024
0.324871
0.335686
0.346455
0.357161
0.367791
0.378328
0.388757
0.399064
0.409232
0.419247
0.429094
0.438756
0.448221
0.457471
0.466493
0.475271
0.483792
0.492039
0.5
0.50766
0.515004
0.522019
0.528692
0.535008
0.540956
0.546521
0.551692
0.556455
0.560799
0.564713
0.568183
0.571201
0.573753
0.575831
0.577425
0.578523
0.579118
0.5792
0.578761
0.577792
0.576286
0.574236
0.571635
0.568477
0.564755
0.560465
0.555601
0.55016
0.544136
0.537527
0.53033
0.522542
0.514162
0.505188
0.49562
0.485456
0.474698
0.463346
0.451401
0.438865
0.425741
0.412032
0.397741
0.382872
0.36743
0.35142
0.334848
0.31772
0.300043
0.281823
0.26307
0.243792
0.223997
0.203696
0.182897
0.161612
0.139852
0.117629
0.0949541
0.0718404
0.048301
0.0243495
0
0
0
0
0
0
0
0
0
0
0
0
0
0
0
0
0
0
0
0
0
0
0
0
0
0
0
0
0
0
0
0
0
0
0
0
0
0
0
0
0
0
0
0
0
0
0
0
0
0
0
0
0
0
0
0
0
0
0
0
0
0
0
0
-0
-0
-0
-0
-0
-0
-0
-0
-0
-0
-0
-0
-0
-0
-0
-0
-0
-0
-0
-0
-0
-0
-0
-0
-0
-0
-0
-0
-0
-0
-0
-0
-0
-0
-0
-0
-0
-0
-0
-0
-0
-0
-0
-0
-0
-0
-0
-0
-0
-0
-0
-0
-0
-0
-0
-0
-0
-0
-0
-0
-0
-0
-0
1.23388e-16
1.24243e-16
1.25029e-16
1.25744e-16
1.26385e-16
1.26953e-16
1.27444e-16
1.27858e-16
1.28193e-16
1.28448e-16
1.2862e-16
1.2871e-16
1.28714e-16
1.28633e-16
1.28464e-16
1.28207e-16
1.27861e-16
1.27423e-16
1.26893e-16
1.2627e-16
1.25552e-16
1.2474e-16
1.23831e-16
1.22825e-16
1.21721e-16
1.20519e-16
1.19217e-16
1.17814e-16
1.16311e-16
1.14707e-16
1.13e-16
1.11191e-16
1.09279e-16
1.07264e-16
1.05146e-16
1.02924e-16
1.00598e-16
9.81678e-17
9.56341e-17
9.29966e-17
9.02553e-17
8.74105e-17
8.44625e-17
8.14116e-17
7.82582e-17
7.50028e-17
7.1646e-17
6.81885e-17
6.46309e-17
6.09741e-17
5.72189e-17
5.33663e-17
4.94174e-17
4.53732e-17
4.12351e-17
3.70041e-17
3.26819e-17
2.82697e-17
2.37691e-17
1.91818e-17
1.45094e-17
9.75366e-18
4.91656e-18
1.23634e-32
-4.99399e-18
-1.00633e-17
-1.52057e-17
-2.04189e-17
-2.57005e-17
-3.10482e-17
-3.64593e-17
-4.19312e-17
-4.74613e-17
-5.30467e-17
-5.86846e-17
-6.4372e-17
-7.0106e-17
-7.58834e-17
-8.17011e-17
-8.75557e-17
-9.3444e-17
-9.93626e-17
-1.05308e-16
-1.11276e-16
-1.17265e-16
-1.23269e-16
-1.29285e-16
-1.35309e-16
-1.41338e-16
-1.47367e-16
-1.53393e-16
-1.59411e-16
-1.65417e-16
-1.71408e-16
-1.77378e-16
-1.83323e-16
-1.89239e-16
-1.95122e-16
-2.00968e-16
-2.06771e-16
-2.12527e-16
-2.18231e-16
-2.2388e-16
-2.29468e-16
-2.3499e-16
-2.40442e-16
-2.4582e-16
-2.51117e-16
-2.5633e-16
-2.61454e-16
-2.66484e-16
-2.71415e-16
-2.76242e-16
-2.8096e-16
-2.85565e-16
-2.90051e-16
-2.94415e-16
-2.9865e-16
-3.02751e-16
-3.06716e-16
-3.10537e-16
-3.14211e-16
-3.17733e-16
-3.21098e-16
-3.24301e-16
-3.27338e-16
-3.30203e-16
-0.000193232
-0.000778756
-0.00176506
-0.00316027
-0.00497215
-0.00720807
-0.00987502
-0.0129795
-0.0165277
-0.0205253
-0.0249775
-0.0298889
-0.0352639
-0.0411062
-0.0474189
-0.0542046
-0.0614656
-0.0692034
-0.0774188
-0.0861123
-0.0952836
-0.104932
-0.115055
-0.125652
-0.13672
-0.148254
-0.160251
-0.172706
-0.185614
-0.198968
-0.212761
-0.226986
-0.241634
-0.256695
-0.272161
-0.28802
-0.304262
-0.320873
-0.33784
-0.355151
-0.372791
-0.390744
-0.408994
-0.427525
-0.446318
-0.465356
-0.48462
-0.504089
-0.523742
-0.543559
-0.563517
-0.583593
-0.603764
-0.624004
-0.644289
-0.664593
-0.684889
-0.70515
-0.725348
-0.745453
-0.765438
-0.785271
-0.804923
-0.824361
-0.843554
-0.862469
-0.881074
-0.899335
-0.917218
-0.934688
-0.95171
-0.968249
-0.984269
-0.999733
-1.0146
-1.02885
-1.04242
-1.05529
-1.06742
-1.07877
-1.0893
-1.09897
-1.10775
-1.11559
-1.12246
-1.12831
-1.13312
-1.13683
-1.13942
-1.14084
-1.14105
-1.14002
-1.13771
-1.13408
-1.12909
-1.12271
-1.1149
-1.10562
-1.09485
-1.08253
-1.06865
-1.05316
-1.03604
-1.01725
-0.996755
-0.974532
-0.950548
-0.924776
-0.897186
-0.867754
-0.836453
-0.803259
-0.768148
-0.731099
-0.692092
-0.651106
-0.608124
-0.563129
-0.516107
-0.467044
-0.415929
-0.36275
-0.307499
-0.250171
-0.190759
-0.12926
