60 80 -40
0 0 1 1
16 16
0
0.0121931
0.0478354
0.104169
0.176777
0.259834
0.346455
0.429094
0.5
0.551692
0.577425
0.571635
0.53033
0.451401
0.334848
0.182897
0
0
0
0
0
0
0
0
-0
-0
-0
-0
-0
-0
-0
1.27858e-16
1.28207e-16
1.22825e-16
1.11191e-16
9.29966e-17
6.81885e-17
3.70041e-17
1.23634e-32
-4.19312e-17
-8.75557e-17
-1.35309e-16
-1.83323e-16
-2.29468e-16
-2.71415e-16
-3.06716e-16
-0.0129795
-0.0542046
-0.125652
-0.226986
-0.355151
-0.504089
-0.664593
-0.824361
-0.968249
-1.07877
-1.13683
-1.12271
-1.01725
-0.803259
