60 80 -40
0 0 1 1
256 256
0
4.79357e-05
0.000191728
0.000431335
0.000766682
0.00119767
0.00172417
0.00234602
0.00306304
0.003875
0.00478167
0.00578276
0.00687799
0.00806702
0.00934948
0.010725
0.0121931
0.0137535
0.0154056
0.0171488
0.0189828
0.0209069
0.0229206
0.0250233
0.0272142
0.0294928
0.0318583
0.0343101
0.0368473
0.0394693
0.0421752
0.0449642
0.0478354
0.050788
0.0538211
0.0569337
0.0601249
0.0633938
0.0667392
0.0701602
0.0736557
0.0772247
0.0808661
0.0845787
0.0883614
0.092213
0.0961324
0.100118
0.104169
0.108285
0.112463
0.116702
0.121001
0.12536
0.129775
0.134247
0.138774
0.143353
0.147984
0.152666
0.157397
0.162174
0.166998
0.171866
0.176777
0.181729
0.18672
0.191749
0.196815
0.201916
0.207049
0.212214
0.217409
0.222632
0.227881
0.233155
0.238452
0.24377
0.249108
0.254463
0.259834
0.26522
0.270617
0.276025
0.281442
0.286866
0.292295
0.297727
0.30316
0.308593
0.314024
0.319451
0.324871
0.330284
0.335686
0.341077
0.346455
0.351817
0.357161
0.362487
0.367791
0.373072
0.378328
0.383557
0.388757
0.393927
0.399064
0.404166
0.409232
0.41426
0.419247
0.424192
0.429094
0.433949
0.438756
0.443514
0.448221
0.452873
0.457471
0.462011
0.466493
0.470913
0.475271
0.479565
0.483792
0.48795
0.492039
0.496056
0.5
0.503868
0.50766
0.511372
0.515004
0.518554
0.522019
0.525399
0.528692
0.531896
0.535008
0.538029
0.540956
0.543787
0.546521
0.549157
0.551692
0.554125
0.556455
0.55868
0.560799
0.562811
0.564713
0.566504
0.568183
0.569749
0.571201
0.572536
0.573753
0.574852
0.575831
0.576689
0.577425
0.578036
0.578523
0.578884
0.579118
0.579224
0.5792
0.579046
0.578761
0.578343
0.577792
0.577107
0.576286
0.57533
0.574236
0.573005
0.571635
0.570126
0.568477
0.566687
0.564755
0.562682
0.560465
0.558105
0.555601
0.552953
0.55016
0.547221
0.544136
0.540905
0.537527
0.534002
0.53033
0.52651
0.522542
0.518427
0.514162
0.50975
0.505188
0.500478
0.49562
0.490612
0.485456
0.480151
0.474698
0.469096
0.463346
0.457447
0.451401
0.445207
0.438865
0.432377
0.425741
0.41896
0.412032
0.404959
0.397741
0.390379
0.382872
0.375222
0.36743
0.359496
0.35142
0.343204
0.334848
0.326353
0.31772
0.308949
0.300043
0.291
0.281823
0.272513
0.26307
0.253496
0.243792
0.233959
0.223997
0.213909
0.203696
0.193358
0.182897
0.172315
0.161612
0.150791
0.139852
0.128798
0.117629
0.106347
0.0949541
0.0834513
0.0718404
0.0601231
0.048301
0.0363759
0.0243495
0.0122236
0
0
0
0
0
0
0
0
0
0
0
0
0
0
0
0
0
0
0
0
0
0
0
0
0
0
0
0
0
0
0
0
0
0
0
0
0
0
0
0
0
0
0
0
0
0
0
0
0
0
0
0
0
0
0
0
0
0
0
0
0
0
0
0
0
0
0
0
0
0
0
0
0
0
0
0
0
0
0
0
0
0
0
0
0
0
0
0
0
0
0
0
0
0
0
0
0
0
0
0
0
0
0
0
0
0
0
0
0
0
0
0
0
0
0
0
0
0
0
0
0
0
0
0
0
0
0
0
-0
-0
-0
-0
-0
-0
-0
-0
-0
-0
-0
-0
-0
-0
-0
-0
-0
-0
-0
-0
-0
-0
-0
-0
-0
-0
-0
-0
-0
-0
-0
-0
-0
-0
-0
-0
-0
-0
-0
-0
-0
-0
-0
-0
-0
-0
-0
-0
-0
-0
-0
-0
-0
-0
-0
-0
-0
-0
-0
-0
-0
-0
-0
-0
-0
-0
-0
-0
-0
-0
-0
-0
-0
-0
-0
-0
-0
-0
-0
-0
-0
-0
-0
-0
-0
-0
-0
-0
-0
-0
-0
-0
-0
-0
-0
-0
-0
-0
-0
-0
-0
-0
-0
-0
-0
-0
-0
-0
-0
-0
-0
-0
-0
-0
-0
-0
-0
-0
-0
-0
-0
-0
-0
-0
-0
-0
-0
1.22935e-16
1.23388e-16
1.23824e-16
1.24243e-16
1.24645e-16
1.25029e-16
1.25395e-16
1.25744e-16
1.26074e-16
1.26385e-16
1.26679e-16
1.26953e-16
1.27208e-16
1.27444e-16
1.27661e-16
1.27858e-16
1.28036e-16
1.28193e-16
1.2833e-16
1.28448e-16
1.28544e-16
1.2862e-16
1.28675e-16
1.2871e-16
1.28723e-16
1.28714e-16
1.28684e-16
1.28633e-16
1.2856e-16
1.28464e-16
1.28347e-16
1.28207e-16
1.28045e-16
1.27861e-16
1.27653e-16
1.27423e-16
1.27169e-16
1.26893e-16
1.26593e-16
1.2627e-16
1.25923e-16
1.25552e-16
1.25158e-16
1.2474e-16
1.24298e-16
1.23831e-16
1.2334e-16
1.22825e-16
1.22286e-16
1.21721e-16
1.21132e-16
1.20519e-16
1.1988e-16
1.19217e-16
1.18528e-16
1.17814e-16
1.17075e-16
1.16311e-16
1.15522e-16
1.14707e-16
1.13866e-16
1.13e-16
1.12108e-16
1.11191e-16
1.10248e-16
1.09279e-16
1.08285e-16
1.07264e-16
1.06218e-16
1.05146e-16
1.04048e-16
1.02924e-16
1.01774e-16
1.00598e-16
9.93957e-17
9.81678e-17
9.69139e-17
9.56341e-17
9.43283e-17
9.29966e-17
9.16389e-17
9.02553e-17
8.88458e-17
8.74105e-17
8.59494e-17
8.44625e-17
8.29499e-17
8.14116e-17
7.98477e-17
7.82582e-17
7.66432e-17
7.50028e-17
7.33371e-17
7.1646e-17
6.99298e-17
6.81885e-17
6.64221e-17
6.46309e-17
6.28148e-17
6.09741e-17
5.91087e-17
5.72189e-17
5.53047e-17
5.33663e-17
5.14038e-17
4.94174e-17
4.74071e-17
4.53732e-17
4.33158e-17
4.12351e-17
3.91311e-17
3.70041e-17
3.48543e-17
3.26819e-17
3.04869e-17
2.82697e-17
2.60303e-17
2.37691e-17
2.14862e-17
1.91818e-17
1.68561e-17
1.45094e-17
1.21418e-17
9.75366e-18
7.34517e-18
4.91656e-18
2.46809e-18
1.23634e-32
-2.48745e-18
-4.99399e-18
-7.51935e-18
-1.00633e-17
-1.26255e-17
-1.52057e-17
-1.78036e-17
-2.04189e-17
-2.30513e-17
-2.57005e-17
-2.83663e-17
-3.10482e-17
-3.37459e-17
-3.64593e-17
-3.91878e-17
-4.19312e-17
-4.46891e-17
-4.74613e-17
-5.02472e-17
-5.30467e-17
-5.58593e-17
-5.86846e-17
-6.15223e-17
-6.4372e-17
-6.72334e-17
-7.0106e-17
-7.29895e-17
-7.58834e-17
-7.87874e-17
-8.17011e-17
-8.4624e-17
-8.75557e-17
-9.04959e-17
-9.3444e-17
-9.63997e-17
-9.93626e-17
-1.02332e-16
-1.05308e-16
-1.08289e-16
-1.11276e-16
-1.14268e-16
-1.17265e-16
-1.20265e-16
-1.23269e-16
-1.26275e-16
-1.29285e-16
-1.32296e-16
-1.35309e-16
-1.38323e-16
-1.41338e-16
-1.44353e-16
-1.47367e-16
-1.50381e-16
-1.53393e-16
-1.56403e-16
-1.59411e-16
-1.62416e-16
-1.65417e-16
-1.68415e-16
-1.71408e-16
-1.74395e-16
-1.77378e-16
-1.80354e-16
-1.83323e-16
-1.86285e-16
-1.89239e-16
-1.92185e-16
-1.95122e-16
-1.9805e-16
-2.00968e-16
-2.03875e-16
-2.06771e-16
-2.09655e-16
-2.12527e-16
-2.15386e-16
-2.18231e-16
-2.21063e-16
-2.2388e-16
-2.26682e-16
-2.29468e-16
-2.32237e-16
-2.3499e-16
-2.37725e-16
-2.40442e-16
-2.43141e-16
-2.4582e-16
-2.48479e-16
-2.51117e-16
-2.53735e-16
-2.5633e-16
-2.58904e-16
-2.61454e-16
-2.63981e-16
-2.66484e-16
-2.68962e-16
-2.71415e-16
-2.73842e-16
-2.76242e-16
-2.78615e-16
-2.8096e-16
-2.83277e-16
-2.85565e-16
-2.87823e-16
-2.90051e-16
-2.92249e-16
-2.94415e-16
-2.96548e-16
-2.9865e-16
-3.00717e-16
-3.02751e-16
-3.04751e-16
-3.06716e-16
-3.08644e-16
-3.10537e-16
-3.12393e-16
-3.14211e-16
-3.15991e-16
-3.17733e-16
-3.19435e-16
-3.21098e-16
-3.2272e-16
-3.24301e-16
-3.2584e-16
-3.27338e-16
-3.28792e-16
-3.30203e-16
-3.31571e-16
-4.81233e-05
-0.000193232
-0.000436419
-0.000778756
-0.00122129
-0.00176506
-0.00241105
-0.00316027
-0.00401365
-0.00497215
-0.00603666
-0.00720807
-0.00848725
-0.00987502
-0.0113722
-0.0129795
-0.0146978
-0.0165277
-0.01847
-0.0205253
-0.0226943
-0.0249775
-0.0273755
-0.0298889
-0.0325182
-0.0352639
-0.0381264
-0.0411062
-0.0442035
-0.0474189
-0.0507525
-0.0542046
-0.0577756
-0.0614656
-0.0652748
-0.0692034
-0.0732513
-0.0774188
-0.0817058
-0.0861123
-0.0906382
-0.0952836
-0.100048
-0.104932
-0.109934
-0.115055
-0.120295
-0.125652
-0.131127
-0.13672
-0.142429
-0.148254
-0.154195
-0.160251
-0.166422
-0.172706
-0.179104
-0.185614
-0.192236
-0.198968
-0.20581
-0.212761
-0.21982
-0.226986
-0.234257
-0.241634
-0.249113
-0.256695
-0.264378
-0.272161
-0.280042
-0.28802
-0.296094
-0.304262
-0.312522
-0.320873
-0.329313
-0.33784
-0.346454
-0.355151
-0.363931
-0.372791
-0.381729
-0.390744
-0.399833
-0.408994
-0.418225
-0.427525
-0.43689
-0.446318
-0.455808
-0.465356
-0.474961
-0.48462
-0.49433
-0.504089
-0.513894
-0.523742
-0.533632
-0.543559
-0.553522
-0.563517
-0.573542
-0.583593
-0.593668
-0.603764
-0.613877
-0.624004
-0.634143
-0.644289
-0.65444
-0.664593
-0.674744
-0.684889
-0.695026
-0.70515
-0.715259
-0.725348
-0.735414
-0.745453
-0.755463
-0.765438
-0.775375
-0.785271
-0.795122
-0.804923
-0.81467
-0.824361
-0.83399
-0.843554
-0.853048
-0.862469
-0.871813
-0.881074
-0.89025
-0.899335
-0.908326
-0.917218
-0.926007
-0.934688
-0.943257
-0.95171
-0.960042
-0.968249
-0.976326
-0.984269
-0.992073
-0.999733
-1.00725
-1.0146
-1.02181
-1.02885
-1.03572
-1.04242
-1.04895
-1.05529
-1.06145
-1.06742
-1.0732
-1.07877
-1.08414
-1.0893
-1.09425
-1.09897
-1.10348
-1.10775
-1.11179
-1.11559
-1.11915
-1.12246
-1.12552
-1.12831
-1.13085
-1.13312
-1.13511
-1.13683
-1.13827
-1.13942
-1.14028
-1.14084
-1.1411
-1.14105
-1.14069
-1.14002
-1.13903
-1.13771
-1.13606
-1.13408
-1.13175
-1.12909
-1.12608
-1.12271
-1.11898
-1.1149
-1.11045
-1.10562
-1.10042
-1.09485
-1.08888
-1.08253
-1.07579
-1.06865
-1.06111
-1.05316
-1.04481
-1.03604
-1.02685
-1.01725
-1.00722
-0.996755
-0.985861
-0.974532
-0.962762
-0.950548
-0.937887
-0.924776
-0.91121
-0.897186
-0.882702
-0.867754
-0.852339
-0.836453
-0.820094
-0.803259
-0.785944
-0.768148
-0.749867
-0.731099
-0.711842
-0.692092
-0.671847
-0.651106
-0.629865
-0.608124
-0.585879
-0.563129
-0.539873
-0.516107
-0.491832
-0.467044
-0.441744
-0.415929
-0.389598
-0.36275
-0.335384
-0.307499
-0.279095
-0.250171
-0.220725
-0.190759
-0.16027
-0.12926
-0.0977279
-0.0656737
