60 80 -40
0 0 1 1
32 32
0
0.00306304
0.0121931
0.0272142
0.0478354
0.0736557
0.104169
0.138774
0.176777
0.217409
0.259834
0.30316
0.346455
0.388757
0.429094
0.466493
0.5
0.528692
0.551692
0.568183
0.577425
0.578761
0.571635
0.555601
0.53033
0.49562
0.451401
0.397741
0.334848
0.26307
0.182897
0.0949541
0
0
0
0
0
0
0
0
0
0
0
0
0
0
0
0
-0
-0
-0
-0
-0
-0
-0
-0
-0
-0
-0
-0
-0
-0
-0
1.25744e-16
1.27858e-16
1.2871e-16
1.28207e-16
1.2627e-16
1.22825e-16
1.17814e-16
1.11191e-16
1.02924e-16
9.29966e-17
8.14116e-17
6.81885e-17
5.33663e-17
3.70041e-17
1.91818e-17
1.23634e-32
-2.04189e-17
-4.19312e-17
-6.4372e-17
-8.75557e-17
-1.11276e-16
-1.35309e-16
-1.59411e-16
-1.83323e-16
-2.06771e-16
-2.29468e-16
-2.51117e-16
-2.71415e-16
-2.90051e-16
-3.06716e-16
-3.21098e-16
-0.00316027
-0.0129795
-0.0298889
-0.0542046
-0.0861123
-0.125652
-0.172706
-0.226986
-0.28802
-0.355151
-0.427525
-0.504089
-0.583593
-0.664593
-0.745453
-0.824361
-0.899335
-0.968249
-1.02885
-1.07877
-1.11559
-1.13683
-1.14002
-1.12271
-1.08253
-1.01725
-0.924776
-0.803259
-0.651106
-0.467044
