60 80 -40
0 0 1 1
64 64
0
0.000766682
0.00306304
0.00687799
0.0121931
0.0189828
0.0272142
0.0368473
0.0478354
0.0601249
0.0736557
0.0883614
0.104169
0.121001
0.138774
0.157397
0.176777
0.196815
0.217409
0.238452
0.259834
0.281442
0.30316
0.324871
0.346455
0.367791
0.388757
0.409232
0.429094
0.448221
0.466493
0.483792
0.5
0.515004
0.528692
0.540956
0.551692
0.560799
0.568183
0.573753
0.577425
0.579118
0.578761
0.576286
0.571635
0.564755
0.555601
0.544136
0.53033
0.514162
0.49562
0.474698
0.451401
0.425741
0.397741
0.36743
0.334848
0.300043
0.26307
0.223997
0.182897
0.139852
0.0949541
0.048301
0
0
0
0
0
0
0
0
0
0
0
0
0
0
0
0
0
0
0
0
0
0
0
0
0
0
0
0
0
0
0
0
-0
-0
-0
-0
-0
-0
-0
-0
-0
-0
-0
-0
-0
-0
-0
-0
-0
-0
-0
-0
-0
-0
-0
-0
-0
-0
-0
-0
-0
-0
-0
1.24243e-16
1.25744e-16
1.26953e-16
1.27858e-16
1.28448e-16
1.2871e-16
1.28633e-16
1.28207e-16
1.27423e-16
1.2627e-16
1.2474e-16
1.22825e-16
1.20519e-16
1.17814e-16
1.14707e-16
1.11191e-16
1.07264e-16
1.02924e-16
9.81678e-17
9.29966e-17
8.74105e-17
8.14116e-17
7.50028e-17
6.81885e-17
6.09741e-17
5.33663e-17
4.53732e-17
3.70041e-17
2.82697e-17
1.91818e-17
9.75366e-18
1.23634e-32
-1.00633e-17
-2.04189e-17
-3.10482e-17
-4.19312e-17
-5.30467e-17
-6.4372e-17
-7.58834e-17
-8.75557e-17
-9.93626e-17
-1.11276e-16
-1.23269e-16
-1.35309e-16
-1.47367e-16
-1.59411e-16
-1.71408e-16
-1.83323e-16
-1.95122e-16
-2.06771e-16
-2.18231e-16
-2.29468e-16
-2.40442e-16
-2.51117e-16
-2.61454e-16
-2.71415e-16
-2.8096e-16
-2.90051e-16
-2.9865e-16
-3.06716e-16
-3.14211e-16
-3.21098e-16
-3.27338e-16
-0.000778756
-0.00316027
-0.00720807
-0.0129795
-0.0205253
-0.0298889
-0.0411062
-0.0542046
-0.0692034
-0.0861123
-0.104932
-0.125652
-0.148254
-0.172706
-0.198968
-0.226986
-0.256695
-0.28802
-0.320873
-0.355151
-0.390744
-0.427525
-0.465356
-0.504089
-0.543559
-0.583593
-0.624004
-0.664593
-0.70515
-0.745453
-0.785271
-0.824361
-0.862469
-0.899335
-0.934688
-0.968249
-0.999733
-1.02885
-1.05529
-1.07877
-1.09897
-1.11559
-1.12831
-1.13683
-1.14084
-1.14002
-1.13408
-1.12271
-1.10562
-1.08253
-1.05316
-1.01725
-0.974532
-0.924776
-0.867754
-0.803259
-0.731099
-0.651106
-0.563129
-0.467044
-0.36275
-0.250171
